667
(-0.000000, 0.000000, 0.000000) (-0.000000, 0.000000, -0.000000) (0.000000, 0.000000) 
(-0.149438, 0.237703, 0.000000) (-0.149438, 0.237703, -0.035522) (0.000000, 0.000000) 
(-0.295520, 0.461779, 0.000000) (-0.295520, 0.461779, -0.136465) (0.000000, 0.000000) 
(-0.434966, 0.659385, 0.000000) (-0.434966, 0.659385, -0.286810) (0.000000, 0.000000) 
(-0.564643, 0.819192, 0.000000) (-0.564643, 0.819192, -0.462550) (0.000000, 0.000000) 
(-0.681639, 0.932039, 0.000000) (-0.681639, 0.932039, -0.635314) (0.000000, 0.000000) 
(-0.783327, 0.991458, 0.000000) (-0.783327, 0.991458, -0.776636) (0.000000, 0.000000) 
(-0.867423, 0.994043, 0.000000) (-0.867423, 0.994043, -0.862256) (0.000000, 0.000000) 
(-0.932039, 0.939645, 0.000000) (-0.932039, 0.939645, -0.875786) (0.000000, 0.000000) 
(-0.975723, 0.831384, 0.000000) (-0.975723, 0.831384, -0.811200) (0.000000, 0.000000) 
(-0.997495, 0.675463, 0.000000) (-0.997495, 0.675463, -0.673771) (0.000000, 0.000000) 
(-0.996865, 0.480823, 0.000000) (-0.996865, 0.480823, -0.479315) (0.000000, 0.000000) 
(-0.973848, 0.258619, 0.000000) (-0.973848, 0.258619, -0.251856) (0.000000, 0.000000) 
(-0.928960, 0.021591, 0.000000) (-0.928960, 0.021591, -0.020057) (0.000000, 0.000000) 
(-0.863209, -0.216675, 0.000000) (-0.863209, -0.216675, 0.187036) (0.000000, 0.000000) 
(-0.778073, -0.442521, 0.000000) (-0.778073, -0.442521, 0.344313) (0.000000, 0.000000) 
(-0.675463, -0.642999, 0.000000) (-0.675463, -0.642999, 0.434322) (0.000000, 0.000000) 
(-0.557683, -0.806618, 0.000000) (-0.557683, -0.806618, 0.449837) (0.000000, 0.000000) 
(-0.427379, -0.923998, 0.000000) (-0.427379, -0.923998, 0.394898) (0.000000, 0.000000) 
(-0.287477, -0.988411, 0.000000) (-0.287477, -0.988411, 0.284146) (0.000000, 0.000000) 
(-0.141119, -0.996165, 0.000000) (-0.141119, -0.996165, 0.140578) (0.000000, 0.000000) 
(0.008408, -0.946813, 0.000000) (0.008408, -0.946813, -0.007961) (0.000000, 0.000000) 
(0.157747, -0.843187, 0.000000) (0.157747, -0.843187, -0.133010) (0.000000, 0.000000) 
(0.303542, -0.691226, 0.000000) (0.303542, -0.691226, -0.209816) (0.000000, 0.000000) 
(0.442521, -0.499640, 0.000000) (0.442521, -0.499640, -0.221102) (0.000000, 0.000000) 
(0.571562, -0.279414, 0.000000) (0.571562, -0.279414, -0.159703) (0.000000, 0.000000) 
(0.687767, -0.043170, 0.000000) (0.687767, -0.043170, -0.029691) (0.000000, 0.000000) 
(0.788526, 0.195548, 0.000000) (0.788526, 0.195548, 0.154195) (0.000000, 0.000000) 
(0.871576, 0.423057, 0.000000) (0.871576, 0.423057, 0.368727) (0.000000, 0.000000) 
(0.935053, 0.626315, 0.000000) (0.935053, 0.626315, 0.585638) (0.000000, 0.000000) 
(0.977530, 0.793669, 0.000000) (0.977530, 0.793669, 0.775836) (0.000000, 0.000000) 
(0.998055, 0.915527, 0.000000) (0.998055, 0.915527, 0.913746) (0.000000, 0.000000) 
(0.996164, 0.984904, 0.000000) (0.996164, 0.984904, 0.981126) (0.000000, 0.000000) 
(0.971903, 0.997821, 0.000000) (0.971903, 0.997821, 0.969785) (0.000000, 0.000000) 
(0.925814, 0.953540, 0.000000) (0.925814, 0.953540, 0.882800) (0.000000, 0.000000) 
(0.858933, 0.854597, 0.000000) (0.858933, 0.854597, 0.734042) (0.000000, 0.000000) 
(0.772763, 0.706666, 0.000000) (0.772763, 0.706666, 0.546085) (0.000000, 0.000000) 
(0.669238, 0.518225, 0.000000) (0.669238, 0.518225, 0.346816) (0.000000, 0.000000) 
(0.550684, 0.300078, 0.000000) (0.550684, 0.300078, 0.165248) (0.000000, 0.000000) 
(0.419762, 0.064729, 0.000000) (0.419762, 0.064729, 0.027171) (0.000000, 0.000000) 
(0.279413, -0.174331, 0.000000) (0.279413, -0.174331, -0.048710) (0.000000, 0.000000) 
(0.132789, -0.403397, 0.000000) (0.132789, -0.403397, -0.053567) (0.000000, 0.000000) 
(-0.016817, -0.609339, 0.000000) (-0.016817, -0.609339, 0.010247) (0.000000, 0.000000) 
(-0.166044, -0.780351, 0.000000) (-0.166044, -0.780351, 0.129573) (0.000000, 0.000000) 
(-0.311544, -0.906630, 0.000000) (-0.311544, -0.906630, 0.282455) (0.000000, 0.000000) 
(-0.450046, -0.980937, 0.000000) (-0.450046, -0.980937, 0.441467) (0.000000, 0.000000) 
(-0.578442, -0.999013, 0.000000) (-0.578442, -0.999013, 0.577872) (0.000000, 0.000000) 
(-0.693847, -0.959821, 0.000000) (-0.693847, -0.959821, 0.665969) (0.000000, 0.000000) 
(-0.793670, -0.865609, 0.000000) (-0.793670, -0.865609, 0.687008) (0.000000, 0.000000) 
(-0.875668, -0.721776, 0.000000) (-0.875668, -0.721776, 0.632037) (0.000000, 0.000000) 
(-0.938001, -0.536568, 0.000000) (-0.938001, -0.536568, 0.503302) (0.000000, 0.000000) 
(-0.979268, -0.320602, 0.000000) (-0.979268, -0.320602, 0.313956) (0.000000, 0.000000) 
(-0.998544, -0.086257, 0.000000) (-0.998544, -0.086257, 0.086131) (0.000000, 0.000000) 
(-0.995393, 0.153032, 0.000000) (-0.995393, 0.153032, -0.152327) (0.000000, 0.000000) 
(-0.969889, 0.383548, 0.000000) (-0.969889, 0.383548, -0.371999) (0.000000, 0.000000) 
(-0.922603, 0.592077, 0.000000) (-0.922603, 0.592077, -0.546252) (0.000000, 0.000000) 
(-0.854598, 0.766667, 0.000000) (-0.854598, 0.766667, -0.655192) (0.000000, 0.000000) 
(-0.767400, 0.897308, 0.000000) (-0.767400, 0.897308, -0.688594) (0.000000, 0.000000) 
(-0.662968, 0.976512, 0.000000) (-0.662968, 0.976512, -0.647397) (0.000000, 0.000000) 
(-0.543648, 0.999739, 0.000000) (-0.543648, 0.999739, -0.543506) (0.000000, 0.000000) 
(-0.412118, 0.965657, 0.000000) (-0.412118, 0.965657, -0.397965) (0.000000, 0.000000) 
(-0.271333, 0.876220, 0.000000) (-0.271333, 0.876220, -0.237747) (0.000000, 0.000000) 
(-0.124455, 0.736555, 0.000000) (-0.124455, 0.736555, -0.091668) (0.000000, 0.000000) 
(0.025219, 0.554668, 0.000000) (0.025219, 0.554668, 0.013988) (0.000000, 0.000000) 
(0.174326, 0.340984, 0.000000) (0.174326, 0.340984, 0.059442) (0.000000, 0.000000) 
(0.319518, 0.107755, 0.000000) (0.319518, 0.107755, 0.034430) (0.000000, 0.000000) 
(0.457534, -0.131652, 0.000000) (0.457534, -0.131652, -0.060235) (0.000000, 0.000000) 
(0.585276, -0.363512, 0.000000) (0.585276, -0.363512, -0.212755) (0.000000, 0.000000) 
(0.699873, -0.574534, 0.000000) (0.699873, -0.574534, -0.402101) (0.000000, 0.000000) 
(0.798753, -0.752620, 0.000000) (0.798753, -0.752620, -0.601157) (0.000000, 0.000000) 
(0.879694, -0.887565, 0.000000) (0.879694, -0.887565, -0.780786) (0.000000, 0.000000) 
(0.940880, -0.971631, 0.000000) (0.940880, -0.971631, -0.914188) (0.000000, 0.000000) 
(0.980935, -0.999999, 0.000000) (0.980935, -0.999999, -0.980935) (0.000000, 0.000000) 
(0.998961, -0.971044, 0.000000) (0.998961, -0.971044, -0.970035) (0.000000, 0.000000) 
(0.994553, -0.886425, 0.000000) (0.994553, -0.886425, -0.881597) (0.000000, 0.000000) 
(0.967809, -0.750992, 0.000000) (0.967809, -0.750992, -0.726817) (0.000000, 0.000000) 
(0.919331, -0.572510, 0.000000) (0.919331, -0.572510, -0.526326) (0.000000, 0.000000) 
(0.850206, -0.361209, 0.000000) (0.850206, -0.361209, -0.307102) (0.000000, 0.000000) 
(0.761988, -0.129202, 0.000000) (0.761988, -0.129202, -0.098450) (0.000000, 0.000000) 
(0.656657, 0.110209, 0.000000) (0.656657, 0.110209, 0.072370) (0.000000, 0.000000) 
(0.536579, 0.343305, 0.000000) (0.536579, 0.343305, 0.184210) (0.000000, 0.000000) 
(0.404451, 0.556721, 0.000000) (0.404451, 0.556721, 0.225166) (0.000000, 0.000000) 
(0.263239, 0.738223, 0.000000) (0.263239, 0.738223, 0.194329) (0.000000, 0.000000) 
(0.116116, 0.877408, 0.000000) (0.116116, 0.877408, 0.101881) (0.000000, 0.000000) 
(-0.033615, 0.966296, 0.000000) (-0.033615, 0.966296, -0.032482) (0.000000, 0.000000) 
(-0.182590, 0.999793, 0.000000) (-0.182590, 0.999793, -0.182553) (0.000000, 0.000000) 
(-0.327466, 0.975977, 0.000000) (-0.327466, 0.975977, -0.319599) (0.000000, 0.000000) 
(-0.464987, 0.896215, 0.000000) (-0.464987, 0.896215, -0.416728) (0.000000, 0.000000) 
(-0.592065, 0.765078, 0.000000) (-0.592065, 0.765078, -0.452976) (0.000000, 0.000000) 
(-0.705848, 0.590086, 0.000000) (-0.705848, 0.590086, -0.416511) (0.000000, 0.000000) 
(-0.803778, 0.381266, 0.000000) (-0.803778, 0.381266, -0.306453) (0.000000, 0.000000) 
(-0.883657, 0.150591, 0.000000) (-0.883657, 0.150591, -0.133070) (0.000000, 0.000000) 
(-0.943692, -0.088717, 0.000000) (-0.943692, -0.088717, 0.083722) (0.000000, 0.000000) 
(-0.982533, -0.322940, 0.000000) (-0.982533, -0.322940, 0.317299) (0.000000, 0.000000) 
(-0.999309, -0.538648, 0.000000) (-0.999309, -0.538648, 0.538276) (0.000000, 0.000000) 
(-0.993643, -0.723481, 0.000000) (-0.993643, -0.723481, 0.718882) (0.000000, 0.000000) 
(-0.965661, -0.866841, 0.000000) (-0.965661, -0.866841, 0.837075) (0.000000, 0.000000) 
(-0.915993, -0.960510, 0.000000) (-0.915993, -0.960510, 0.879821) (0.000000, 0.000000) 
(-0.845754, -0.999120, 0.000000) (-0.845754, -0.999120, 0.845010) (0.000000, 0.000000) 
(-0.756521, -0.980456, 0.000000) (-0.756521, -0.980456, 0.741736) (0.000000, 0.000000) 
(-0.650299, -0.905588, 0.000000) (-0.650299, -0.905588, 0.588903) (0.000000, 0.000000) 
(-0.529472, -0.778809, 0.000000) (-0.529472, -0.778809, 0.412358) (0.000000, 0.000000) 
(-0.396755, -0.607385, 0.000000) (-0.396755, -0.607385, 0.240983) (0.000000, 0.000000) 
(-0.255127, -0.401143, 0.000000) (-0.255127, -0.401143, 0.102343) (0.000000, 0.000000) 
(-0.107770, -0.171909, 0.000000) (-0.107770, -0.171909, 0.018527) (0.000000, 0.000000) 
(0.042008, 0.067182, 0.000000) (0.042008, 0.067182, 0.002822) (0.000000, 0.000000) 
(0.190842, 0.302422, 0.000000) (0.190842, 0.302422, 0.057715) (0.000000, 0.000000) 
(0.335392, 0.520327, 0.000000) (0.335392, 0.520327, 0.174514) (0.000000, 0.000000) 
(0.472408, 0.708402, 0.000000) (0.472408, 0.708402, 0.334655) (0.000000, 0.000000) 
(0.598815, 0.855871, 0.000000) (0.598815, 0.855871, 0.512508) (0.000000, 0.000000) 
(0.711774, 0.954277, 0.000000) (0.711774, 0.954277, 0.679229) (0.000000, 0.000000) 
(0.808748, 0.997980, 0.000000) (0.808748, 0.997980, 0.807114) (0.000000, 0.000000) 
(0.887559, 0.984476, 0.000000) (0.887559, 0.984476, 0.873780) (0.000000, 0.000000) 
(0.946438, 0.914538, 0.000000) (0.946438, 0.914538, 0.865553) (0.000000, 0.000000) 
(0.984062, 0.792174, 0.000000) (0.984062, 0.792174, 0.779549) (0.000000, 0.000000) 
(0.999586, 0.624401, 0.000000) (0.999586, 0.624401, 0.624142) (0.000000, 0.000000) 
(0.992662, 0.420834, 0.000000) (0.992662, 0.420834, 0.417746) (0.000000, 0.000000) 
(0.963444, 0.193143, 0.000000) (0.963444, 0.193143, 0.186083) (0.000000, 0.000000) 
(0.912590, -0.045618, 0.000000) (0.912590, -0.045618, -0.041630) (0.000000, 0.000000) 
(0.841242, -0.281765, 0.000000) (0.841242, -0.281765, -0.237033) (0.000000, 0.000000) 
(0.751001, -0.501761, 0.000000) (0.751001, -0.501761, -0.376823) (0.000000, 0.000000) 
(0.643894, -0.692993, 0.000000) (0.643894, -0.692993, -0.446214) (0.000000, 0.000000) 
(0.522327, -0.844501, 0.000000) (0.522327, -0.844501, -0.441105) (0.000000, 0.000000) 
(0.389029, -0.947598, 0.000000) (0.389029, -0.947598, -0.368643) (0.000000, 0.000000) 
(0.246995, -0.996376, 0.000000) (0.246995, -0.996376, -0.246100) (0.000000, 0.000000) 
(0.099414, -0.988037, 0.000000) (0.099414, -0.988037, -0.098224) (0.000000, 0.000000) 
(-0.050400, -0.923061, 0.000000) (-0.050400, -0.923061, 0.046522) (0.000000, 0.000000) 
(-0.199082, -0.805171, 0.000000) (-0.199082, -0.805171, 0.160295) (0.000000, 0.000000) 
(-0.343293, -0.641127, 0.000000) (-0.343293, -0.641127, 0.220094) (0.000000, 0.000000) 
(-0.479794, -0.440329, 0.000000) (-0.479794, -0.440329, 0.211268) (0.000000, 0.000000) 
(-0.605521, -0.214291, 0.000000) (-0.605521, -0.214291, 0.129758) (0.000000, 0.000000) 
(-0.717648, 0.024032, 0.000000) (-0.717648, 0.024032, -0.017246) (0.000000, 0.000000) 
(-0.813659, 0.260977, 0.000000) (-0.813659, 0.260977, -0.212346) (0.000000, 0.000000) 
(-0.891397, 0.482960, 0.000000) (-0.891397, 0.482960, -0.430509) (0.000000, 0.000000) 
(-0.949116, 0.677259, 0.000000) (-0.949116, 0.677259, -0.642798) (0.000000, 0.000000) 
(-0.985521, 0.832737, 0.000000) (-0.985521, 0.832737, -0.820680) (0.000000, 0.000000) 
(-0.999792, 0.940477, 0.000000) (-0.999792, 0.940477, -0.940282) (0.000000, 0.000000) 
(-0.991611, 0.994306, 0.000000) (-0.991611, 0.994306, -0.985964) (0.000000, 0.000000) 
(-0.961160, 0.991137, 0.000000) (-0.961160, 0.991137, -0.952642) (0.000000, 0.000000) 
(-0.909124, 0.931154, 0.000000) (-0.909124, 0.931154, -0.846534) (0.000000, 0.000000) 
(-0.836671, 0.817791, 0.000000) (-0.836671, 0.817791, -0.684222) (0.000000, 0.000000) 
(-0.745428, 0.657552, 0.000000) (-0.745428, 0.657552, -0.490158) (0.000000, 0.000000) 
(-0.637445, 0.459620, 0.000000) (-0.637445, 0.459620, -0.292982) (0.000000, 0.000000) 
(-0.515146, 0.235337, 0.000000) (-0.515146, 0.235337, -0.121233) (0.000000, 0.000000) 
(-0.381278, -0.002433, 0.000000) (-0.381278, -0.002433, 0.000927) (0.000000, 0.000000) 
(-0.238847, -0.240066, 0.000000) (-0.238847, -0.240066, 0.057339) (0.000000, 0.000000) 
(-0.091053, -0.463935, 0.000000) (-0.091053, -0.463935, 0.042242) (0.000000, 0.000000) 
(0.058787, -0.661210, 0.000000) (0.058787, -0.661210, -0.038870) (0.000000, 0.000000) 
(0.207306, -0.820584, 0.000000) (0.207306, -0.820584, -0.170112) (0.000000, 0.000000) 
(0.351170, -0.932917, 0.000000) (0.351170, -0.932917, -0.327612) (0.000000, 0.000000) 
(0.487147, -0.991773, 0.000000) (0.487147, -0.991773, -0.483139) (0.000000, 0.000000) 
(0.612184, -0.993776, 0.000000) (0.612184, -0.993776, -0.608373) (0.000000, 0.000000) 
(0.723472, -0.938812, 0.000000) (0.723472, -0.938812, -0.679205) (0.000000, 0.000000) 
(0.818513, -0.830031, 0.000000) (0.818513, -0.830031, -0.679392) (0.000000, 0.000000) 
(0.895173, -0.673672, 0.000000) (0.895173, -0.673672, -0.603053) (0.000000, 0.000000) 
(0.951728, -0.478692, 0.000000) (0.951728, -0.478692, -0.455585) (0.000000, 0.000000) 
(0.986910, -0.256275, 0.000000) (0.986910, -0.256275, -0.252920) (0.000000, 0.000000) 
(0.999928, -0.019168, 0.000000) (0.999928, -0.019168, -0.019166) (0.000000, 0.000000) 
(0.990490, 0.219042, 0.000000) (0.990490, 0.219042, 0.216959) (0.000000, 0.000000) 
(0.958808, 0.444692, 0.000000) (0.958808, 0.444692, 0.426375) (0.000000, 0.000000) 
(0.905593, 0.644854, 0.000000) (0.905593, 0.644854, 0.583976) (0.000000, 0.000000) 
(0.832041, 0.808048, 0.000000) (0.832041, 0.808048, 0.672329) (0.000000, 0.000000) 
(0.739803, 0.924921, 0.000000) (0.739803, 0.924921, 0.684260) (0.000000, 0.000000) 
(0.630951, 0.988776, 0.000000) (0.630951, 0.988776, 0.623869) (0.000000, 0.000000) 
(0.507929, 0.995950, 0.000000) (0.507929, 0.995950, 0.505871) (0.000000, 0.000000) 
(0.373500, 0.946032, 0.000000) (0.373500, 0.946032, 0.353342) (0.000000, 0.000000) 
(0.230683, 0.841884, 0.000000) (0.230683, 0.841884, 0.194208) (0.000000, 0.000000) 
(0.082685, 0.689478, 0.000000) (0.082685, 0.689478, 0.057009) (0.000000, 0.000000) 
(-0.067170, 0.497545, 0.000000) (-0.067170, 0.497545, -0.033420) (0.000000, 0.000000) 
(-0.215516, 0.277094, 0.000000) (-0.215516, 0.277094, -0.059718) (0.000000, 0.000000) 
(-0.359022, 0.040755, 0.000000) (-0.359022, 0.040755, -0.014632) (0.000000, 0.000000) 
(-0.494465, -0.197916, 0.000000) (-0.494465, -0.197916, 0.097863) (0.000000, 0.000000) 
(-0.618803, -0.425242, 0.000000) (-0.618803, -0.425242, 0.263141) (0.000000, 0.000000) 
(-0.729245, -0.628195, 0.000000) (-0.729245, -0.628195, 0.458108) (0.000000, 0.000000) 
(-0.823310, -0.795134, 0.000000) (-0.823310, -0.795134, 0.654642) (0.000000, 0.000000) 
(-0.898885, -0.916496, 0.000000) (-0.898885, -0.916496, 0.823824) (0.000000, 0.000000) 
(-0.954273, -0.985318, 0.000000) (-0.954273, -0.985318, 0.940262) (0.000000, 0.000000) 
(-0.988230, -0.997660, 0.000000) (-0.988230, -0.997660, 0.985917) (0.000000, 0.000000) 
(-0.999994, -0.952811, 0.000000) (-0.999994, -0.952811, 0.952805) (0.000000, 0.000000) 
(-0.989300, -0.853344, 0.000000) (-0.989300, -0.853344, 0.844213) (0.000000, 0.000000) 
(-0.956389, -0.704959, 0.000000) (-0.956389, -0.704959, 0.674214) (0.000000, 0.000000) 
(-0.901999, -0.516165, 0.000000) (-0.901999, -0.516165, 0.465580) (0.000000, 0.000000) 
(-0.827353, -0.297783, 0.000000) (-0.827353, -0.297783, 0.246371) (0.000000, 0.000000) 
(-0.734126, -0.062327, 0.000000) (-0.734126, -0.062327, 0.045756) (0.000000, 0.000000) 
(-0.624412, 0.176698, 0.000000) (-0.624412, 0.176698, -0.110332) (0.000000, 0.000000) 
(-0.500676, 0.405597, 0.000000) (-0.500676, 0.405597, -0.203073) (0.000000, 0.000000) 
(-0.365695, 0.611243, 0.000000) (-0.365695, 0.611243, -0.223528) (0.000000, 0.000000) 
(-0.222502, 0.781850, 0.000000) (-0.222502, 0.781850, -0.173963) (0.000000, 0.000000) 
(-0.074312, 0.907641, 0.000000) (-0.074312, 0.907641, -0.067448) (0.000000, 0.000000) 
(0.075547, 0.981401, 0.000000) (0.075547, 0.981401, 0.074142) (0.000000, 0.000000) 
(0.223710, 0.998904, 0.000000) (0.223710, 0.998904, 0.223465) (0.000000, 0.000000) 
(0.366848, 0.959145, 0.000000) (0.366848, 0.959145, 0.351861) (0.000000, 0.000000) 
(0.501748, 0.864406, 0.000000) (0.501748, 0.864406, 0.433714) (0.000000, 0.000000) 
(0.625380, 0.720114, 0.000000) (0.625380, 0.720114, 0.450345) (0.000000, 0.000000) 
(0.734967, 0.534544, 0.000000) (0.734967, 0.534544, 0.392872) (0.000000, 0.000000) 
(0.828048, 0.318330, 0.000000) (0.828048, 0.318330, 0.263592) (0.000000, 0.000000) 
(0.902533, 0.083870, 0.000000) (0.902533, 0.083870, 0.075696) (0.000000, 0.000000) 
(0.956750, -0.155397, 0.000000) (0.956750, -0.155397, -0.148676) (0.000000, 0.000000) 
(0.989480, -0.385759, 0.000000) (0.989480, -0.385759, -0.381701) (0.000000, 0.000000) 
(0.999988, -0.594005, 0.000000) (0.999988, -0.594005, -0.593998) (0.000000, 0.000000) 
(0.988039, -0.768203, 0.000000) (0.988039, -0.768203, -0.759015) (0.000000, 0.000000) 
(0.953901, -0.898363, 0.000000) (0.953901, -0.898363, -0.856950) (0.000000, 0.000000) 
(0.898341, -0.977025, 0.000000) (0.898341, -0.977025, -0.877702) (0.000000, 0.000000) 
(0.822606, -0.999682, 0.000000) (0.822606, -0.999682, -0.822344) (0.000000, 0.000000) 
(0.728398, -0.965033, 0.000000) (0.728398, -0.965033, -0.702928) (0.000000, 0.000000) 
(0.617829, -0.875063, 0.000000) (0.617829, -0.875063, -0.540640) (0.000000, 0.000000) 
(0.493389, -0.734933, 0.000000) (0.493389, -0.734933, -0.362608) (0.000000, 0.000000) 
(0.357865, -0.552674, 0.000000) (0.357865, -0.552674, -0.197783) (0.000000, 0.000000) 
(0.214307, -0.338731, 0.000000) (0.214307, -0.338731, -0.072593) (0.000000, 0.000000) 
(0.065933, -0.105374, 0.000000) (0.065933, -0.105374, -0.006948) (0.000000, 0.000000) 
(-0.083918, 0.134027, 0.000000) (-0.083918, 0.134027, -0.011247) (0.000000, 0.000000) 
(-0.231888, 0.365741, 0.000000) (-0.231888, 0.365741, -0.084811) (0.000000, 0.000000) 
(-0.374647, 0.576490, 0.000000) (-0.374647, 0.576490, -0.215980) (0.000000, 0.000000) 
(-0.508996, 0.754196, 0.000000) (-0.508996, 0.754196, -0.383882) (0.000000, 0.000000) 
(-0.631913, 0.888667, 0.000000) (-0.631913, 0.888667, -0.561561) (0.000000, 0.000000) 
(-0.740639, 0.972196, 0.000000) (-0.740639, 0.972196, -0.720046) (0.000000, 0.000000) 
(-0.832731, 0.999993, 0.000000) (-0.832731, 0.999993, -0.832726) (0.000000, 0.000000) 
(-0.906122, 0.970466, 0.000000) (-0.906122, 0.970466, -0.879360) (0.000000, 0.000000) 
(-0.959162, 0.885306, 0.000000) (-0.959162, 0.885306, -0.849152) (0.000000, 0.000000) 
(-0.990662, 0.749396, 0.000000) (-0.990662, 0.749396, -0.742398) (0.000000, 0.000000) 
(-0.999912, 0.570528, 0.000000) (-0.999912, 0.570528, -0.570478) (0.000000, 0.000000) 
(-0.986707, 0.358954, 0.000000) (-0.986707, 0.358954, -0.354182) (0.000000, 0.000000) 
(-0.951342, 0.126799, 0.000000) (-0.951342, 0.126799, -0.120629) (0.000000, 0.000000) 
(-0.894611, -0.112621, 0.000000) (-0.894611, -0.112621, 0.100752) (0.000000, 0.000000) 
(-0.817789, -0.345585, 0.000000) (-0.817789, -0.345585, 0.282616) (0.000000, 0.000000) 
(-0.722600, -0.558738, 0.000000) (-0.722600, -0.558738, 0.403745) (0.000000, 0.000000) 
(-0.611184, -0.739862, 0.000000) (-0.611184, -0.739862, 0.452192) (0.000000, 0.000000) 
(-0.486041, -0.878575, 0.000000) (-0.486041, -0.878575, 0.427023) (0.000000, 0.000000) 
(-0.349982, -0.966922, 0.000000) (-0.349982, -0.966922, 0.338405) (0.000000, 0.000000) 
(-0.206064, -0.999839, 0.000000) (-0.206064, -0.999839, 0.206031) (0.000000, 0.000000) 
(-0.057517, -0.975441, 0.000000) (-0.057517, -0.975441, 0.056105) (0.000000, 0.000000) 
(0.092321, -0.895127, 0.000000) (0.092321, -0.895127, -0.082639) (0.000000, 0.000000) 
(0.240086, -0.763496, 0.000000) (0.240086, -0.763496, -0.183304) (0.000000, 0.000000) 
(0.382458, -0.588100, 0.000000) (0.382458, -0.588100, -0.224924) (0.000000, 0.000000) 
(0.516242, -0.378991, 0.000000) (0.516242, -0.378991, -0.195651) (0.000000, 0.000000) 
(0.638431, -0.148157, 0.000000) (0.638431, -0.148157, -0.094588) (0.000000, 0.000000) 
(0.746283, 0.091171, 0.000000) (0.746283, 0.091171, 0.068039) (0.000000, 0.000000) 
(0.837374, 0.325275, 0.000000) (0.837374, 0.325275, 0.272377) (0.000000, 0.000000) 
(0.909659, 0.540730, 0.000000) (0.909659, 0.540730, 0.491880) (0.000000, 0.000000) 
(0.961515, 0.725187, 0.000000) (0.961515, 0.725187, 0.697278) (0.000000, 0.000000) 
(0.991777, 0.868073, 0.000000) (0.991777, 0.868073, 0.860935) (0.000000, 0.000000) 
(0.999765, 0.961197, 0.000000) (0.999765, 0.961197, 0.960971) (0.000000, 0.000000) 
(0.985300, 0.999221, 0.000000) (0.985300, 0.999221, 0.984533) (0.000000, 0.000000) 
(0.948707, 0.979963, 0.000000) (0.948707, 0.979963, 0.929698) (0.000000, 0.000000) 
(0.890808, 0.904529, 0.000000) (0.890808, 0.904529, 0.805762) (0.000000, 0.000000) 
(0.812903, 0.777243, 0.000000) (0.812903, 0.777243, 0.631823) (0.000000, 0.000000) 
(0.716741, 0.605402, 0.000000) (0.716741, 0.605402, 0.433916) (0.000000, 0.000000) 
(0.604482, 0.398853, 0.000000) (0.604482, 0.398853, 0.241099) (0.000000, 0.000000) 
(0.478648, 0.169442, 0.000000) (0.478648, 0.169442, 0.081103) (0.000000, 0.000000) 
(0.342064, -0.069681, 0.000000) (0.342064, -0.069681, -0.023836) (0.000000, 0.000000) 
(0.197798, -0.304811, 0.000000) (0.197798, -0.304811, -0.060291) (0.000000, 0.000000) 
(0.049090, -0.522467, 0.000000) (0.049090, -0.522467, -0.025648) (0.000000, 0.000000) 
(-0.100721, -0.710175, 0.000000) (-0.100721, -0.710175, 0.071529) (0.000000, 0.000000) 
(-0.248269, -0.857169, 0.000000) (-0.248269, -0.857169, 0.212809) (0.000000, 0.000000) 
(-0.390242, -0.955027, 0.000000) (-0.390242, -0.955027, 0.372692) (0.000000, 0.000000) 
(-0.523451, -0.998137, 0.000000) (-0.523451, -0.998137, 0.522476) (0.000000, 0.000000) 
(-0.644904, -0.984030, 0.000000) (-0.644904, -0.984030, 0.634605) (0.000000, 0.000000) 
(-0.751874, -0.913511, 0.000000) (-0.751874, -0.913511, 0.686845) (0.000000, 0.000000) 
(-0.841957, -0.790627, 0.000000) (-0.841957, -0.790627, 0.665674) (0.000000, 0.000000) 
(-0.913132, -0.622420, 0.000000) (-0.913132, -0.622420, 0.568351) (0.000000, 0.000000) 
(-0.963800, -0.418532, 0.000000) (-0.963800, -0.418532, 0.403381) (0.000000, 0.000000) 
(-0.992822, -0.190653, 0.000000) (-0.992822, -0.190653, 0.189284) (0.000000, 0.000000) 
(-0.999547, 0.048160, 0.000000) (-0.999547, 0.048160, -0.048138) (0.000000, 0.000000) 
(-0.983824, 0.284208, 0.000000) (-0.983824, 0.284208, -0.279610) (0.000000, 0.000000) 
(-0.946005, 0.503964, 0.000000) (-0.946005, 0.503964, -0.476753) (0.000000, 0.000000) 
(-0.886942, 0.694830, 0.000000) (-0.886942, 0.694830, -0.616274) (0.000000, 0.000000) 
(-0.807959, 0.845865, 0.000000) (-0.807959, 0.845865, -0.683424) (0.000000, 0.000000) 
(-0.710830, 0.948411, 0.000000) (-0.710830, 0.948411, -0.674159) (0.000000, 0.000000) 
(-0.597738, 0.996590, 0.000000) (-0.597738, 0.996590, -0.595700) (0.000000, 0.000000) 
(-0.471221, 0.987638, 0.000000) (-0.471221, 0.987638, -0.465396) (0.000000, 0.000000) 
(-0.334122, 0.922071, 0.000000) (-0.334122, 0.922071, -0.308084) (0.000000, 0.000000) 
(-0.189519, 0.803643, 0.000000) (-0.189519, 0.803643, -0.152305) (0.000000, 0.000000) 
(-0.040659, 0.639151, 0.000000) (-0.040659, 0.639151, -0.025987) (0.000000, 0.000000) 
(0.109114, 0.438014, 0.000000) (0.109114, 0.438014, 0.047793) (0.000000, 0.000000) 
(0.256436, 0.211767, 0.000000) (0.256436, 0.211767, 0.054305) (0.000000, 0.000000) 
(0.397999, -0.026612, 0.000000) (0.397999, -0.026612, -0.010592) (0.000000, 0.000000) 
(0.530623, -0.263473, 0.000000) (0.530623, -0.263473, -0.139805) (0.000000, 0.000000) 
(0.651331, -0.485223, 0.000000) (0.651331, -0.485223, -0.316041) (0.000000, 0.000000) 
(0.757411, -0.679165, 0.000000) (0.757411, -0.679165, -0.514407) (0.000000, 0.000000) 
(0.846481, -0.834172, 0.000000) (0.846481, -0.834172, -0.706111) (0.000000, 0.000000) 
(0.916540, -0.941356, 0.000000) (0.916540, -0.941356, -0.862791) (0.000000, 0.000000) 
(0.966015, -0.994580, 0.000000) (0.966015, -0.994580, -0.960780) (0.000000, 0.000000) 
(0.993796, -0.990789, 0.000000) (0.993796, -0.990789, -0.984642) (0.000000, 0.000000) 
(0.999257, -0.930200, 0.000000) (0.999257, -0.930200, -0.929509) (0.000000, 0.000000) 
(0.982277, -0.816285, 0.000000) (0.982277, -0.816285, -0.801818) (0.000000, 0.000000) 
(0.943236, -0.655582, 0.000000) (0.943236, -0.655582, -0.618369) (0.000000, 0.000000) 
(0.883012, -0.457292, 0.000000) (0.883012, -0.457292, -0.403794) (0.000000, 0.000000) 
(0.802957, -0.232794, 0.000000) (0.802957, -0.232794, -0.186924) (0.000000, 0.000000) 
(0.704869, 0.005056, 0.000000) (0.704869, 0.005056, 0.003564) (0.000000, 0.000000) 
(0.590951, 0.242616, 0.000000) (0.590951, 0.242616, 0.143374) (0.000000, 0.000000) 
(0.463761, 0.466261, 0.000000) (0.463761, 0.466261, 0.216234) (0.000000, 0.000000) 
(0.326156, 0.663184, 0.000000) (0.326156, 0.663184, 0.216301) (0.000000, 0.000000) 
(0.181225, 0.822085, 0.000000) (0.181225, 0.822085, 0.148983) (0.000000, 0.000000) 
(0.032225, 0.933864, 0.000000) (0.032225, 0.933864, 0.030094) (0.000000, 0.000000) 
(-0.117499, 0.992107, 0.000000) (-0.117499, 0.992107, -0.116571) (0.000000, 0.000000) 
(-0.264584, 0.993478, 0.000000) (-0.264584, 0.993478, -0.262858) (0.000000, 0.000000) 
(-0.405727, 0.937896, 0.000000) (-0.405727, 0.937896, -0.380529) (0.000000, 0.000000) 
(-0.537758, 0.828553, 0.000000) (-0.537758, 0.828553, -0.445561) (0.000000, 0.000000) 
(-0.657712, 0.671708, 0.000000) (-0.657712, 0.671708, -0.441790) (0.000000, 0.000000) 
(-0.762894, 0.476357, 0.000000) (-0.762894, 0.476357, -0.363410) (0.000000, 0.000000) 
(-0.850944, 0.253705, 0.000000) (-0.850944, 0.253705, -0.215889) (0.000000, 0.000000) 
(-0.919883, 0.016503, 0.000000) (-0.919883, 0.016503, -0.015181) (0.000000, 0.000000) 
(-0.968162, -0.221638, 0.000000) (-0.968162, -0.221638, 0.214582) (0.000000, 0.000000) 
(-0.994699, -0.447081, 0.000000) (-0.994699, -0.447081, 0.444711) (0.000000, 0.000000) 
(-0.998896, -0.646895, 0.000000) (-0.998896, -0.646895, 0.646181) (0.000000, 0.000000) 
(-0.980660, -0.809619, 0.000000) (-0.980660, -0.809619, 0.793961) (0.000000, 0.000000) 
(-0.940400, -0.925937, 0.000000) (-0.940400, -0.925937, 0.870751) (0.000000, 0.000000) 
(-0.879020, -0.989172, 0.000000) (-0.879020, -0.989172, 0.869502) (0.000000, 0.000000) 
(-0.797898, -0.995705, 0.000000) (-0.797898, -0.995705, 0.794471) (0.000000, 0.000000) 
(-0.698858, -0.945157, 0.000000) (-0.698858, -0.945157, 0.660530) (0.000000, 0.000000) 
(-0.584122, -0.840431, 0.000000) (-0.584122, -0.840431, 0.490914) (0.000000, 0.000000) 
(-0.456267, -0.687522, 0.000000) (-0.456267, -0.687522, 0.313694) (0.000000, 0.000000) 
(-0.318166, -0.495208, 0.000000) (-0.318166, -0.495208, 0.157558) (0.000000, 0.000000) 
(-0.172919, -0.274499, 0.000000) (-0.172919, -0.274499, 0.047466) (0.000000, 0.000000) 
(-0.023789, -0.038054, 0.000000) (-0.023789, -0.038054, 0.000905) (0.000000, 0.000000) 
(0.125875, 0.200565, 0.000000) (0.125875, 0.200565, 0.025246) (0.000000, 0.000000) 
(0.272713, 0.427694, 0.000000) (0.272713, 0.427694, 0.116638) (0.000000, 0.000000) 
(0.413426, 0.630299, 0.000000) (0.413426, 0.630299, 0.260582) (0.000000, 0.000000) 
(0.544854, 0.796778, 0.000000) (0.544854, 0.796778, 0.434127) (0.000000, 0.000000) 
(0.664045, 0.917580, 0.000000) (0.664045, 0.917580, 0.609315) (0.000000, 0.000000) 
(0.768323, 0.985779, 0.000000) (0.768323, 0.985779, 0.757397) (0.000000, 0.000000) 
(0.855346, 0.997469, 0.000000) (0.855346, 0.997469, 0.853182) (0.000000, 0.000000) 
(0.923160, 0.951981, 0.000000) (0.923160, 0.951981, 0.878830) (0.000000, 0.000000) 
(0.970241, 0.851918, 0.000000) (0.970241, 0.851918, 0.826565) (0.000000, 0.000000) 
(0.995531, 0.703017, 0.000000) (0.995531, 0.703017, 0.699876) (0.000000, 0.000000) 
(0.998464, 0.513821, 0.000000) (0.998464, 0.513821, 0.513032) (0.000000, 0.000000) 
(0.978973, 0.295165, 0.000000) (0.978973, 0.295165, 0.288958) (0.000000, 0.000000) 
(0.937496, 0.059595, 0.000000) (0.937496, 0.059595, 0.055870) (0.000000, 0.000000) 
(0.874965, -0.179399, 0.000000) (0.874965, -0.179399, -0.156968) (0.000000, 0.000000) 
(0.792783, -0.408108, 0.000000) (0.792783, -0.408108, -0.323541) (0.000000, 0.000000) 
(0.692796, -0.613416, 0.000000) (0.692796, -0.613416, -0.424973) (0.000000, 0.000000) 
(0.577251, -0.783566, 0.000000) (0.577251, -0.783566, -0.452314) (0.000000, 0.000000) 
(0.448742, -0.908793, 0.000000) (0.448742, -0.908793, -0.407813) (0.000000, 0.000000) 
(0.310154, -0.981927, 0.000000) (0.310154, -0.981927, -0.304549) (0.000000, 0.000000) 
(0.164601, -0.998770, 0.000000) (0.164601, -0.998770, -0.164399) (0.000000, 0.000000) 
(0.015352, -0.958360, 0.000000) (0.015352, -0.958360, -0.014712) (0.000000, 0.000000) 
(-0.134243, -0.863009, 0.000000) (-0.134243, -0.863009, 0.115853) (0.000000, 0.000000) 
(-0.280822, -0.718190, 0.000000) (-0.280822, -0.718190, 0.201684) (0.000000, 0.000000) 
(-0.421095, -0.532196, 0.000000) (-0.421095, -0.532196, 0.224105) (0.000000, 0.000000) 
(-0.551911, -0.315693, 0.000000) (-0.551911, -0.315693, 0.174235) (0.000000, 0.000000) 
(-0.670332, -0.081100, 0.000000) (-0.670332, -0.081100, 0.054364) (0.000000, 0.000000) 
(-0.773698, 0.158149, 0.000000) (-0.773698, 0.158149, -0.122360) (0.000000, 0.000000) 
(-0.859688, 0.388326, 0.000000) (-0.859688, 0.388326, -0.333839) (0.000000, 0.000000) 
(-0.926371, 0.596248, 0.000000) (-0.926371, 0.596248, -0.552347) (0.000000, 0.000000) 
(-0.972250, 0.769990, 0.000000) (-0.972250, 0.769990, -0.748622) (0.000000, 0.000000) 
(-0.996293, 0.899587, 0.000000) (-0.996293, 0.899587, -0.896252) (0.000000, 0.000000) 
(-0.997961, 0.977619, 0.000000) (-0.997961, 0.977619, -0.975626) (0.000000, 0.000000) 
(-0.977217, 0.999607, 0.000000) (-0.977217, 0.999607, -0.976833) (0.000000, 0.000000) 
(-0.934526, 0.964293, 0.000000) (-0.934526, 0.964293, -0.901157) (0.000000, 0.000000) 
(-0.870847, 0.873699, 0.000000) (-0.870847, 0.873699, -0.760859) (0.000000, 0.000000) 
(-0.787611, 0.733024, 0.000000) (-0.787611, 0.733024, -0.577338) (0.000000, 0.000000) 
(-0.686686, 0.550324, 0.000000) (-0.686686, 0.550324, -0.377900) (0.000000, 0.000000) 
(-0.570339, 0.336082, 0.000000) (-0.570339, 0.336082, -0.191681) (0.000000, 0.000000) 
(-0.441184, 0.102568, 0.000000) (-0.441184, 0.102568, -0.045251) (0.000000, 0.000000) 
(-0.302120, -0.136826, 0.000000) (-0.302120, -0.136826, 0.041338) (0.000000, 0.000000) 
(-0.156271, -0.368370, 0.000000) (-0.156271, -0.368370, 0.057566) (0.000000, 0.000000) 
(-0.006913, -0.578803, 0.000000) (-0.006913, -0.578803, 0.004001) (0.000000, 0.000000) 
(0.142601, -0.756051, 0.000000) (0.142601, -0.756051, -0.107814) (0.000000, 0.000000) 
(0.288912, -0.889963, 0.000000) (0.288912, -0.889963, -0.257121) (0.000000, 0.000000) 
(0.428735, -0.972856, 0.000000) (0.428735, -0.972856, -0.417097) (0.000000, 0.000000) 
(0.558929, -0.999979, 0.000000) (0.558929, -0.999979, -0.558917) (0.000000, 0.000000) 
(0.676570, -0.969778, 0.000000) (0.676570, -0.969778, -0.656123) (0.000000, 0.000000) 
(0.779017, -0.883987, 0.000000) (0.779017, -0.883987, -0.688641) (0.000000, 0.000000) 
(0.863968, -0.747518, 0.000000) (0.863968, -0.747518, -0.645831) (0.000000, 0.000000) 
(0.929516, -0.568196, 0.000000) (0.929516, -0.568196, -0.528147) (0.000000, 0.000000) 
(0.974189, -0.356308, 0.000000) (0.974189, -0.356308, -0.347111) (0.000000, 0.000000) 
(0.996983, -0.123988, 0.000000) (0.996983, -0.123988, -0.123614) (0.000000, 0.000000) 
(0.997387, 0.115432, 0.000000) (0.997387, 0.115432, 0.115130) (0.000000, 0.000000) 
(0.975391, 0.348242, 0.000000) (0.975391, 0.348242, 0.339672) (0.000000, 0.000000) 
(0.931489, 0.561089, 0.000000) (0.931489, 0.561089, 0.522648) (0.000000, 0.000000) 
(0.866668, 0.741765, 0.000000) (0.866668, 0.741765, 0.642864) (0.000000, 0.000000) 
(0.782383, 0.879925, 0.000000) (0.782383, 0.879925, 0.688438) (0.000000, 0.000000) 
(0.680526, 0.967640, 0.000000) (0.680526, 0.967640, 0.658504) (0.000000, 0.000000) 
(0.563387, 0.999886, 0.000000) (0.563387, 0.999886, 0.563323) (0.000000, 0.000000) 
(0.433594, 0.974813, 0.000000) (0.433594, 0.974813, 0.422673) (0.000000, 0.000000) 
(0.294064, 0.893860, 0.000000) (0.294064, 0.893860, 0.262852) (0.000000, 0.000000) 
(0.147930, 0.761663, 0.000000) (0.147930, 0.761663, 0.112673) (0.000000, 0.000000) 
(-0.001527, 0.585809, 0.000000) (-0.001527, 0.585809, -0.000894) (0.000000, 0.000000) 
(-0.150949, 0.376368, 0.000000) (-0.150949, 0.376368, -0.056812) (0.000000, 0.000000) 
(-0.296981, 0.145351, 0.000000) (-0.296981, 0.145351, -0.043166) (0.000000, 0.000000) 
(-0.436344, -0.093991, 0.000000) (-0.436344, -0.093991, 0.041013) (0.000000, 0.000000) 
(-0.565907, -0.327953, 0.000000) (-0.565907, -0.327953, 0.185591) (0.000000, 0.000000) 
(-0.682761, -0.543108, 0.000000) (-0.682761, -0.543108, 0.370813) (0.000000, 0.000000) 
(-0.784281, -0.727135, 0.000000) (-0.784281, -0.727135, 0.570278) (0.000000, 0.000000) 
(-0.868187, -0.869478, 0.000000) (-0.868187, -0.869478, 0.754870) (0.000000, 0.000000) 
(-0.932596, -0.961975, 0.000000) (-0.932596, -0.961975, 0.897133) (0.000000, 0.000000) 
(-0.976060, -0.999329, 0.000000) (-0.976060, -0.999329, 0.975404) (0.000000, 0.000000) 
(-0.997603, -0.979396, 0.000000) (-0.997603, -0.979396, 0.977048) (0.000000, 0.000000) 
(-0.996742, -0.903317, 0.000000) (-0.996742, -0.903317, 0.900374) (0.000000, 0.000000) 
(-0.973495, -0.775455, 0.000000) (-0.973495, -0.775455, 0.754902) (0.000000, 0.000000) 
(-0.928386, -0.603145, 0.000000) (-0.928386, -0.603145, 0.559951) (0.000000, 0.000000) 
(-0.862427, -0.396253, 0.000000) (-0.862427, -0.396253, 0.341739) (0.000000, 0.000000) 
(-0.777099, -0.166653, 0.000000) (-0.777099, -0.166653, 0.129506) (0.000000, 0.000000) 
(-0.674319, 0.072507, 0.000000) (-0.674319, 0.072507, -0.048893) (0.000000, 0.000000) 
(-0.556394, 0.307511, 0.000000) (-0.556394, 0.307511, -0.171098) (0.000000, 0.000000) 
(-0.425974, 0.524880, 0.000000) (-0.425974, 0.524880, -0.223585) (0.000000, 0.000000) 
(-0.285988, 0.712167, 0.000000) (-0.285988, 0.712167, -0.203671) (0.000000, 0.000000) 
(-0.139578, 0.858623, 0.000000) (-0.139578, 0.858623, -0.119845) (0.000000, 0.000000) 
(0.009966, 0.955863, 0.000000) (0.009966, 0.955863, 0.009526) (0.000000, 0.000000) 
(0.159286, 0.998306, 0.000000) (0.159286, 0.998306, 0.159016) (0.000000, 0.000000) 
(0.305029, 0.983522, 0.000000) (0.305029, 0.983522, 0.300003) (0.000000, 0.000000) 
(0.443922, 0.912355, 0.000000) (0.443922, 0.912355, 0.405014) (0.000000, 0.000000) 
(0.572845, 0.788891, 0.000000) (0.572845, 0.788891, 0.451912) (0.000000, 0.000000) 
(0.688902, 0.620200, 0.000000) (0.688902, 0.620200, 0.427257) (0.000000, 0.000000) 
(0.789488, 0.415954, 0.000000) (0.789488, 0.415954, 0.328391) (0.000000, 0.000000) 
(0.872344, 0.187871, 0.000000) (0.872344, 0.187871, 0.163888) (0.000000, 0.000000) 
(0.935608, -0.050990, 0.000000) (0.935608, -0.050990, -0.047706) (0.000000, 0.000000) 
(0.977860, -0.286919, 0.000000) (0.977860, -0.286919, -0.280567) (0.000000, 0.000000) 
(0.998151, -0.506409, 0.000000) (0.998151, -0.506409, -0.505473) (0.000000, 0.000000) 
(0.996026, -0.696868, 0.000000) (0.996026, -0.696868, -0.694098) (0.000000, 0.000000) 
(0.971531, -0.847373, 0.000000) (0.971531, -0.847373, -0.823249) (0.000000, 0.000000) 
(0.925217, -0.949307, 0.000000) (0.925217, -0.949307, -0.878315) (0.000000, 0.000000) 
(0.858124, -0.996820, 0.000000) (0.858124, -0.996820, -0.855395) (0.000000, 0.000000) 
(0.771760, -0.987190, 0.000000) (0.771760, -0.987190, -0.761874) (0.000000, 0.000000) 
(0.668063, -0.920969, 0.000000) (0.668063, -0.920969, -0.615265) (0.000000, 0.000000) 
(0.549362, -0.801956, 0.000000) (0.549362, -0.801956, -0.440564) (0.000000, 0.000000) 
(0.418324, -0.636966, 0.000000) (0.418324, -0.636966, -0.266458) (0.000000, 0.000000) 
(0.277894, -0.435469, 0.000000) (0.277894, -0.435469, -0.121014) (0.000000, 0.000000) 
(0.131220, -0.209001, 0.000000) (0.131220, -0.209001, -0.027425) (0.000000, 0.000000) 
(-0.018401, 0.029448, 0.000000) (-0.018401, 0.029448, -0.000542) (0.000000, 0.000000) 
(-0.167608, 0.266201, 0.000000) (-0.167608, 0.266201, -0.044618) (0.000000, 0.000000) 
(-0.313052, 0.487702, 0.000000) (-0.313052, 0.487702, -0.152676) (0.000000, 0.000000) 
(-0.451465, 0.681239, 0.000000) (-0.451465, 0.681239, -0.307555) (0.000000, 0.000000) 
(-0.579738, 0.835729, 0.000000) (-0.579738, 0.835729, -0.484504) (0.000000, 0.000000) 
(-0.694992, 0.942310, 0.000000) (-0.694992, 0.942310, -0.654898) (0.000000, 0.000000) 
(-0.794638, 0.994870, 0.000000) (-0.794638, 0.994870, -0.790561) (0.000000, 0.000000) 
(-0.876437, 0.990400, 0.000000) (-0.876437, 0.990400, -0.868024) (0.000000, 0.000000) 
(-0.938553, 0.929157, 0.000000) (-0.938553, 0.929157, -0.872064) (0.000000, 0.000000) 
(-0.979591, 0.814648, 0.000000) (-0.979591, 0.814648, -0.798021) (0.000000, 0.000000) 
(-0.998628, 0.653437, 0.000000) (-0.998628, 0.653437, -0.652541) (0.000000, 0.000000) 
(-0.995239, 0.454774, 0.000000) (-0.995239, 0.454774, -0.452608) (0.000000, 0.000000) 
(-0.969498, 0.230034, 0.000000) (-0.969498, 0.230034, -0.223017) (0.000000, 0.000000) 
(-0.921983, -0.007885, 0.000000) (-0.921983, -0.007885, 0.007270) (0.000000, 0.000000) 
(-0.853763, -0.245360, 0.000000) (-0.853763, -0.245360, 0.209479) (0.000000, 0.000000) 
(-0.766368, -0.468769, 0.000000) (-0.766368, -0.468769, 0.359249) (0.000000, 0.000000) 
(-0.661762, -0.665299, 0.000000) (-0.661762, -0.665299, 0.440270) (0.000000, 0.000000) 
(-0.542294, -0.823697, 0.000000) (-0.542294, -0.823697, 0.446686) (0.000000, 0.000000) 
(-0.410647, -0.934872, 0.000000) (-0.410647, -0.934872, 0.383902) (0.000000, 0.000000) 
(-0.269778, -0.992458, 0.000000) (-0.269778, -0.992458, 0.267743) (0.000000, 0.000000) 
(-0.122849, -0.993150, 0.000000) (-0.122849, -0.993150, 0.122008) (0.000000, 0.000000) 
(0.026838, -0.936911, 0.000000) (0.026838, -0.936911, -0.025145) (0.000000, 0.000000) 
(0.175922, -0.826961, 0.000000) (0.175922, -0.826961, -0.145481) (0.000000, 0.000000) 
(0.321056, -0.669610, 0.000000) (0.321056, -0.669610, -0.214982) (0.000000, 0.000000) 
(0.458979, -0.473867, 0.000000) (0.458979, -0.473867, -0.217495) (0.000000, 0.000000) 
(0.586594, -0.250960, 0.000000) (0.586594, -0.250960, -0.147212) (0.000000, 0.000000) 
(0.701036, -0.013674, 0.000000) (0.701036, -0.013674, -0.009586) (0.000000, 0.000000) 
(0.799733, 0.224404, 0.000000) (0.799733, 0.224404, 0.179463) (0.000000, 0.000000) 
(0.880470, 0.449610, 0.000000) (0.880470, 0.449610, 0.395868) (0.000000, 0.000000) 
(0.941432, 0.649050, 0.000000) (0.941432, 0.649050, 0.611036) (0.000000, 0.000000) 
(0.981252, 0.811281, 0.000000) (0.981252, 0.811281, 0.796071) (0.000000, 0.000000) 
(0.999035, 0.927002, 0.000000) (0.999035, 0.927002, 0.926107) (0.000000, 0.000000) 
(0.994381, 0.989585, 0.000000) (0.994381, 0.989585, 0.984024) (0.000000, 0.000000) 
(0.967395, 0.995439, 0.000000) (0.967395, 0.995439, 0.962982) (0.000000, 0.000000) 
(0.918682, 0.944229, 0.000000) (0.918682, 0.944229, 0.867447) (0.000000, 0.000000) 
(0.849338, 0.838890, 0.000000) (0.849338, 0.838890, 0.712501) (0.000000, 0.000000) 
(0.760919, 0.685465, 0.000000) (0.760919, 0.685465, 0.521584) (0.000000, 0.000000) 
(0.655411, 0.492741, 0.000000) (0.655411, 0.492741, 0.322948) (0.000000, 0.000000) 
(0.535184, 0.271777, 0.000000) (0.535184, 0.271777, 0.145451) (0.000000, 0.000000) 
(0.402938, 0.035226, 0.000000) (0.402938, 0.035226, 0.014194) (0.000000, 0.000000) 
(0.261642, -0.203344, 0.000000) (0.261642, -0.203344, -0.053203) (0.000000, 0.000000) 
(0.114470, -0.430250, 0.000000) (0.114470, -0.430250, -0.049251) (0.000000, 0.000000) 
(-0.035273, -0.632499, 0.000000) (-0.035273, -0.632499, 0.022310) (0.000000, 0.000000) 
(-0.184224, -0.798484, 0.000000) (-0.184224, -0.798484, 0.147100) (0.000000, 0.000000) 
(-0.329037, -0.918701, 0.000000) (-0.329037, -0.918701, 0.302286) (0.000000, 0.000000) 
(-0.466460, -0.986252, 0.000000) (-0.466460, -0.986252, 0.460047) (0.000000, 0.000000) 
(-0.593408, -0.997264, 0.000000) (-0.593408, -0.997264, 0.591785) (0.000000, 0.000000) 
(-0.707029, -0.951108, 0.000000) (-0.707029, -0.951108, 0.672461) (0.000000, 0.000000) 
(-0.804771, -0.850433, 0.000000) (-0.804771, -0.850433, 0.684404) (0.000000, 0.000000) 
(-0.884439, -0.701002, 0.000000) (-0.884439, -0.701002, 0.619994) (0.000000, 0.000000) 
(-0.944245, -0.511386, 0.000000) (-0.944245, -0.511386, 0.482873) (0.000000, 0.000000) 
(-0.982844, -0.292460, 0.000000) (-0.982844, -0.292460, 0.287443) (0.000000, 0.000000) 
(-0.999370, -0.056762, 0.000000) (-0.999370, -0.056762, 0.056727) (0.000000, 0.000000) 
(-0.993452, 0.182182, 0.000000) (-0.993452, 0.182182, -0.180989) (0.000000, 0.000000) 
(-0.965223, 0.410690, 0.000000) (-0.965223, 0.410690, -0.396407) (0.000000, 0.000000) 
(-0.915316, 0.615654, 0.000000) (-0.915316, 0.615654, -0.563518) (0.000000, 0.000000) 
(-0.844853, 0.785321, 0.000000) (-0.844853, 0.785321, -0.663481) (0.000000, 0.000000) 
(-0.755416, 0.909973, 0.000000) (-0.755416, 0.909973, -0.687409) (0.000000, 0.000000) 
(-0.649014, 0.982459, 0.000000) (-0.649014, 0.982459, -0.637629) (0.000000, 0.000000) 
(-0.528036, 0.998626, 0.000000) (-0.528036, 0.998626, -0.527311) (0.000000, 0.000000) 
(-0.395199, 0.957546, 0.000000) (-0.395199, 0.957546, -0.378421) (0.000000, 0.000000) 
(-0.253487, 0.861576, 0.000000) (-0.253487, 0.861576, -0.218398) (0.000000, 0.000000) 
(-0.106082, 0.716213, 0.000000) (-0.106082, 0.716213, -0.075977) (0.000000, 0.000000) 
(0.043706, 0.529799, 0.000000) (0.043706, 0.529799, 0.023155) (0.000000, 0.000000) 
(0.192512, 0.313007, 0.000000) (0.192512, 0.313007, 0.060258) (0.000000, 0.000000) 
(0.336994, 0.078272, 0.000000) (0.336994, 0.078272, 0.026377) (0.000000, 0.000000) 
(0.473909, -0.160943, 0.000000) (0.473909, -0.160943, -0.076272) (0.000000, 0.000000) 
(0.600180, -0.390939, 0.000000) (0.600180, -0.390939, -0.234633) (0.000000, 0.000000) 
(0.712972, -0.598517, 0.000000) (0.712972, -0.598517, -0.426726) (0.000000, 0.000000) 
(0.809752, -0.771792, 0.000000) (0.809752, -0.771792, -0.624960) (0.000000, 0.000000) 
(0.888346, -0.900822, 0.000000) (0.888346, -0.900822, -0.800242) (0.000000, 0.000000) 
(0.946990, -0.978210, 0.000000) (0.946990, -0.978210, -0.926355) (0.000000, 0.000000) 
(0.984365, -0.999524, 0.000000) (0.984365, -0.999524, -0.983896) (0.000000, 0.000000) 
(0.999634, -0.963540, 0.000000) (0.999634, -0.963540, -0.963187) (0.000000, 0.000000) 
(0.992452, -0.872319, 0.000000) (0.992452, -0.872319, -0.865735) (0.000000, 0.000000) 
(0.962982, -0.731092, 0.000000) (0.962982, -0.731092, -0.704028) (0.000000, 0.000000) 
(0.911885, -0.547959, 0.000000) (0.911885, -0.547959, -0.499676) (0.000000, 0.000000) 
(0.840308, -0.333409, 0.000000) (0.840308, -0.333409, -0.280166) (0.000000, 0.000000) 
(0.749860, -0.099753, 0.000000) (0.749860, -0.099753, -0.074801) (0.000000, 0.000000) 
(0.642571, 0.139628, 0.000000) (0.642571, 0.139628, 0.089721) (0.000000, 0.000000) 
(0.520850, 0.371006, 0.000000) (0.520850, 0.371006, 0.193238) (0.000000, 0.000000) 
(0.387433, 0.581108, 0.000000) (0.387433, 0.581108, 0.225140) (0.000000, 0.000000) 
(0.245314, 0.757905, 0.000000) (0.245314, 0.757905, 0.185925) (0.000000, 0.000000) 
(0.097686, 0.891249, 0.000000) (0.097686, 0.891249, 0.087063) (0.000000, 0.000000) 
(-0.052136, 0.973507, 0.000000) (-0.052136, 0.973507, -0.050754) (0.000000, 0.000000) 
(-0.200787, 0.999957, 0.000000) (-0.200787, 0.999957, -0.200778) (0.000000, 0.000000) 
(-0.344928, 0.969084, 0.000000) (-0.344928, 0.969084, -0.334264) (0.000000, 0.000000) 
(-0.481323, 0.882657, 0.000000) (-0.481323, 0.882657, -0.424843) (0.000000, 0.000000) 
(-0.606909, 0.745635, 0.000000) (-0.606909, 0.745635, -0.452533) (0.000000, 0.000000) 
(-0.718864, 0.565865, 0.000000) (-0.718864, 0.565865, -0.406780) (0.000000, 0.000000) 
(-0.814675, 0.353656, 0.000000) (-0.814675, 0.353656, -0.288114) (0.000000, 0.000000) 
(-0.892190, 0.121180, 0.000000) (-0.892190, 0.121180, -0.108116) (0.000000, 0.000000) 
(-0.949667, -0.118249, 0.000000) (-0.949667, -0.118249, 0.112298) (0.000000, 0.000000) 
(-0.985817, -0.350893, 0.000000) (-0.985817, -0.350893, 0.345916) (0.000000, 0.000000) 
(-0.999827, -0.563429, 0.000000) (-0.999827, -0.563429, 0.563331) (0.000000, 0.000000) 
(-0.991382, -0.743665, 0.000000) (-0.991382, -0.743665, 0.737256) (0.000000, 0.000000) 
(-0.960673, -0.881266, 0.000000) (-0.960673, -0.881266, 0.846608) (0.000000, 0.000000) 
(-0.908388, -0.968351, 0.000000) (-0.908388, -0.968351, 0.879639) (0.000000, 0.000000) 
(-0.835703, -0.999925, 0.000000) (-0.835703, -0.999925, 0.835640) (0.000000, 0.000000) 
(-0.744250, -0.974178, 0.000000) (-0.744250, -0.974178, 0.725031) (0.000000, 0.000000) 
(-0.636081, -0.892584, 0.000000) (-0.636081, -0.892584, 0.567756) (0.000000, 0.000000) 
(-0.513628, -0.759827, 0.000000) (-0.513628, -0.759827, 0.390268) (0.000000, 0.000000) 
(-0.379639, -0.583508, 0.000000) (-0.379639, -0.583508, 0.221522) (0.000000, 0.000000) 
(-0.237124, -0.373745, 0.000000) (-0.237124, -0.373745, 0.088624) (0.000000, 0.000000) 
(-0.089284, -0.142551, 0.000000) (-0.089284, -0.142551, 0.012727) (0.000000, 0.000000) 
(0.060561, 0.096815, 0.000000) (0.060561, 0.096815, 0.005863) (0.000000, 0.000000) 
(0.209047, 0.330625, 0.000000) (0.209047, 0.330625, 0.069116) (0.000000, 0.000000) 
(0.352837, 0.545488, 0.000000) (0.352837, 0.545488, 0.192468) (0.000000, 0.000000) 
(0.488704, 0.729074, 0.000000) (0.488704, 0.729074, 0.356301) (0.000000, 0.000000) 
(0.613594, 0.870872, 0.000000) (0.613594, 0.870872, 0.534362) (0.000000, 0.000000) 
(0.724705, 0.962746, 0.000000) (0.724705, 0.962746, 0.697707) (0.000000, 0.000000) 
(0.819540, 0.999428, 0.000000) (0.819540, 0.999428, 0.819071) (0.000000, 0.000000) 
(0.895969, 0.978819, 0.000000) (0.895969, 0.978819, 0.876992) (0.000000, 0.000000) 
(0.952277, 0.902100, 0.000000) (0.952277, 0.902100, 0.859049) (0.000000, 0.000000) 
(0.987198, 0.773666, 0.000000) (0.987198, 0.773666, 0.763761) (0.000000, 0.000000) 
(0.999948, 0.600886, 0.000000) (0.999948, 0.600886, 0.600854) (0.000000, 0.000000) 
(0.990241, 0.393654, 0.000000) (0.990241, 0.393654, 0.389812) (0.000000, 0.000000) 
(0.958295, 0.163855, 0.000000) (0.958295, 0.163855, 0.157022) (0.000000, 0.000000) 
(0.904827, -0.075337, 0.000000) (0.904827, -0.075337, -0.068167) (0.000000, 0.000000) 
(0.831039, -0.310210, 0.000000) (0.831039, -0.310210, -0.257796) (0.000000, 0.000000) 
(0.738586, -0.527286, 0.000000) (0.738586, -0.527286, -0.389447) (0.000000, 0.000000) 
(0.629547, -0.714150, 0.000000) (0.629547, -0.714150, -0.449591) (0.000000, 0.000000) 
(0.506368, -0.860074, 0.000000) (0.506368, -0.860074, -0.435514) (0.000000, 0.000000) 
(0.371818, -0.956693, 0.000000) (0.371818, -0.956693, -0.355716) (0.000000, 0.000000) 
(0.228917, -0.998467, 0.000000) (0.228917, -0.998467, -0.228566) (0.000000, 0.000000) 
(0.080875, -0.983006, 0.000000) (0.080875, -0.983006, -0.079501) (0.000000, 0.000000) 
(-0.068983, -0.911193, 0.000000) (-0.068983, -0.911193, 0.062857) (0.000000, 0.000000) 
(-0.217292, -0.787145, 0.000000) (-0.217292, -0.787145, 0.171040) (0.000000, 0.000000) 
(-0.360721, -0.617972, 0.000000) (-0.360721, -0.617972, 0.222915) (0.000000, 0.000000) 
(-0.496049, -0.413373, 0.000000) (-0.496049, -0.413373, 0.205053) (0.000000, 0.000000) 
(-0.620236, -0.185091, 0.000000) (-0.620236, -0.185091, 0.114800) (0.000000, 0.000000) 
(-0.730494, 0.053815, 0.000000) (-0.730494, 0.053815, -0.039312) (0.000000, 0.000000) 
(-0.824347, 0.289636, 0.000000) (-0.824347, 0.289636, -0.238760) (0.000000, 0.000000) 
(-0.899686, 0.508853, 0.000000) (-0.899686, 0.508853, -0.457808) (0.000000, 0.000000) 
(-0.954819, 0.698899, 0.000000) (-0.954819, 0.698899, -0.667322) (0.000000, 0.000000) 
(-0.988509, 0.848872, 0.000000) (-0.988509, 0.848872, -0.839118) (0.000000, 0.000000) 
(-0.999999, 0.950193, 0.000000) (-0.999999, 0.950193, -0.950191) (0.000000, 0.000000) 
(-0.989030, 0.997042, 0.000000) (-0.989030, 0.997042, -0.986104) (0.000000, 0.000000) 
(-0.955849, 0.986734, 0.000000) (-0.955849, 0.986734, -0.943169) (0.000000, 0.000000) 
(-0.901202, 0.919860, 0.000000) (-0.901202, 0.919860, -0.828979) (0.000000, 0.000000) 
(-0.826315, 0.800262, 0.000000) (-0.826315, 0.800262, -0.661269) (0.000000, 0.000000) 
(-0.732871, 0.634783, 0.000000) (-0.732871, 0.634783, -0.465214) (0.000000, 0.000000) 
(-0.622967, 0.432913, 0.000000) (-0.622967, 0.432913, -0.269691) (0.000000, 0.000000) 
(-0.499073, 0.206226, 0.000000) (-0.499073, 0.206226, -0.102922) (0.000000, 0.000000) 
(-0.363970, -0.032284, 0.000000) (-0.363970, -0.032284, 0.011750) (0.000000, 0.000000) 
(-0.220694, -0.268928, 0.000000) (-0.220694, -0.268928, 0.059351) (0.000000, 0.000000) 
(-0.072461, -0.490170, 0.000000) (-0.072461, -0.490170, 0.035518) (0.000000, 0.000000) 
(0.077400, -0.683313, 0.000000) (0.077400, -0.683313, -0.052888) (0.000000, 0.000000) 
(0.225522, -0.837284, 0.000000) (0.225522, -0.837284, -0.188826) (0.000000, 0.000000) 
(0.368579, -0.943256, 0.000000) (0.368579, -0.943256, -0.347665) (0.000000, 0.000000) 
(0.503359, -0.995152, 0.000000) (0.503359, -0.995152, -0.500919) (0.000000, 0.000000) 
(0.626834, -0.990005, 0.000000) (0.626834, -0.990005, -0.620569) (0.000000, 0.000000) 
(0.736232, -0.928105, 0.000000) (0.736232, -0.928105, -0.683300) (0.000000, 0.000000) 
(0.829095, -0.812999, 0.000000) (0.829095, -0.812999, -0.674053) (0.000000, 0.000000) 
(0.903338, -0.651287, 0.000000) (0.903338, -0.651287, -0.588332) (0.000000, 0.000000) 
(0.957293, -0.452252, 0.000000) (0.957293, -0.452252, -0.432938) (0.000000, 0.000000) 
(0.989749, -0.227280, 0.000000) (0.989749, -0.227280, -0.224950) (0.000000, 0.000000) 
(0.999978, 0.010722, 0.000000) (0.999978, 0.010722, 0.010722) (0.000000, 0.000000) 
(0.987748, 0.248109, 0.000000) (0.987748, 0.248109, 0.245069) (0.000000, 0.000000) 
(0.953335, 0.471273, 0.000000) (0.953335, 0.471273, 0.449281) (0.000000, 0.000000) 
(0.897512, 0.667409, 0.000000) (0.897512, 0.667409, 0.599007) (0.000000, 0.000000) 
(0.821533, 0.825298, 0.000000) (0.821533, 0.825298, 0.678009) (0.000000, 0.000000) 
(0.727103, 0.935875, 0.000000) (0.727103, 0.935875, 0.680477) (0.000000, 0.000000) 
(0.616343, 0.992802, 0.000000) (0.616343, 0.992802, 0.611907) (0.000000, 0.000000) 
(0.491742, 0.992815, 0.000000) (0.491742, 0.992815, 0.488209) (0.000000, 0.000000) 
(0.356097, 0.935918, 0.000000) (0.356097, 0.935918, 0.333278) (0.000000, 0.000000) 
(0.212455, 0.825367, 0.000000) (0.212455, 0.825367, 0.175353) (0.000000, 0.000000) 
(0.064041, 0.667500, 0.000000) (0.064041, 0.667500, 0.042747) (0.000000, 0.000000) 
(-0.085811, 0.471367, 0.000000) (-0.085811, 0.471367, -0.040449) (0.000000, 0.000000) 
(-0.233736, 0.248213, 0.000000) (-0.233736, 0.248213, -0.058016) (0.000000, 0.000000) 
(-0.376411, 0.010845, 0.000000) (-0.376411, 0.010845, -0.004082) (0.000000, 0.000000) 
(-0.510633, -0.227160, 0.000000) (-0.510633, -0.227160, 0.115996) (0.000000, 0.000000) 
(-0.633387, -0.452143, 0.000000) (-0.633387, -0.452143, 0.286381) (0.000000, 0.000000) 
(-0.741917, -0.651205, 0.000000) (-0.741917, -0.651205, 0.483140) (0.000000, 0.000000) 
(-0.833784, -0.812937, 0.000000) (-0.833784, -0.812937, 0.677813) (0.000000, 0.000000) 
(-0.906925, -0.928059, 0.000000) (-0.906925, -0.928059, 0.841680) (0.000000, 0.000000) 
(-0.959699, -0.989988, 0.000000) (-0.959699, -0.989988, 0.950091) (0.000000, 0.000000) 
(-0.990919, -0.995164, 0.000000) (-0.990919, -0.995164, 0.986128) (0.000000, 0.000000) 
(-0.999885, -0.943291, 0.000000) (-0.999885, -0.943291, 0.943183) (0.000000, 0.000000) 
(-0.986396, -0.837342, 0.000000) (-0.986396, -0.837342, 0.825951) (0.000000, 0.000000) 
(-0.950753, -0.683402, 0.000000) (-0.950753, -0.683402, 0.649747) (0.000000, 0.000000) 
(-0.893759, -0.490277, 0.000000) (-0.893759, -0.490277, 0.438189) (0.000000, 0.000000) 
(-0.816692, -0.269046, 0.000000) (-0.816692, -0.269046, 0.219727) (0.000000, 0.000000) 
(-0.721283, -0.032391, 0.000000) (-0.721283, -0.032391, 0.023363) (0.000000, 0.000000) 
(-0.609676, 0.206121, 0.000000) (-0.609676, 0.206121, -0.125667) (0.000000, 0.000000) 
(-0.484376, 0.432802, 0.000000) (-0.484376, 0.432802, -0.209639) (0.000000, 0.000000) 
(-0.348198, 0.634688, 0.000000) (-0.348198, 0.634688, -0.220997) (0.000000, 0.000000) 
(-0.204200, 0.800189, 0.000000) (-0.204200, 0.800189, -0.163399) (0.000000, 0.000000) 
(-0.055617, 0.919818, 0.000000) (-0.055617, 0.919818, -0.051157) (0.000000, 0.000000) 
(0.094216, 0.986716, 0.000000) (0.094216, 0.986716, 0.092965) (0.000000, 0.000000) 
(0.241933, 0.997051, 0.000000) (0.241933, 0.997051, 0.241220) (0.000000, 0.000000) 
(0.384217, 0.950231, 0.000000) (0.384217, 0.950231, 0.365094) (0.000000, 0.000000) 
(0.517871, 0.848937, 0.000000) (0.517871, 0.848937, 0.439640) (0.000000, 0.000000) 
(0.639895, 0.698976, 0.000000) (0.639895, 0.698976, 0.447272) (0.000000, 0.000000) 
(0.747549, 0.508946, 0.000000) (0.747549, 0.508946, 0.380462) (0.000000, 0.000000) 
(0.838413, 0.289753, 0.000000) (0.838413, 0.289753, 0.242933) (0.000000, 0.000000) 
(0.910448, 0.053937, 0.000000) (0.910448, 0.053937, 0.049107) (0.000000, 0.000000) 
(0.962036, -0.184971, 0.000000) (0.962036, -0.184971, -0.177948) (0.000000, 0.000000) 
(0.992019, -0.413275, 0.000000) (0.992019, -0.413275, -0.409976) (0.000000, 0.000000) 
(0.999722, -0.617887, 0.000000) (0.999722, -0.617887, -0.617716) (0.000000, 0.000000) 
(0.984973, -0.787069, 0.000000) (0.984973, -0.787069, -0.775242) (0.000000, 0.000000) 
(0.948104, -0.911143, 0.000000) (0.948104, -0.911143, -0.863858) (0.000000, 0.000000) 
(0.889941, -0.982984, 0.000000) (0.889941, -0.982984, -0.874798) (0.000000, 0.000000) 
(0.811792, -0.998473, 0.000000) (0.811792, -0.998473, -0.810553) (0.000000, 0.000000) 
(0.715412, -0.956724, 0.000000) (0.715412, -0.956724, -0.684452) (0.000000, 0.000000) 
(0.602965, -0.860137, 0.000000) (0.602965, -0.860137, -0.518632) (0.000000, 0.000000) 
(0.476976, -0.714236, 0.000000) (0.476976, -0.714236, -0.340673) (0.000000, 0.000000) 
(0.340275, -0.527391, 0.000000) (0.340275, -0.527391, -0.179458) (0.000000, 0.000000) 
(0.195932, -0.310312, 0.000000) (0.195932, -0.310312, -0.060800) (0.000000, 0.000000) 
(0.047188, -0.075444, 0.000000) (0.047188, -0.075444, -0.003560) (0.000000, 0.000000) 
(-0.102615, 0.163734, 0.000000) (-0.102615, 0.163734, -0.016802) (0.000000, 0.000000) 
(-0.250113, 0.393541, 0.000000) (-0.250113, 0.393541, -0.098430) (0.000000, 0.000000) 
(-0.391994, 0.600788, 0.000000) (-0.391994, 0.600788, -0.235505) (0.000000, 0.000000) 
(-0.525072, 0.773593, 0.000000) (-0.525072, 0.773593, -0.406192) (0.000000, 0.000000) 
(-0.646358, 0.902051, 0.000000) (-0.646358, 0.902051, -0.583048) (0.000000, 0.000000) 
(-0.753128, 0.978794, 0.000000) (-0.753128, 0.978794, -0.737156) (0.000000, 0.000000) 
(-0.842983, 0.999432, 0.000000) (-0.842983, 0.999432, -0.842505) (0.000000, 0.000000) 
(-0.913907, 0.962777, 0.000000) (-0.913907, 0.962777, -0.879888) (0.000000, 0.000000) 
(-0.964305, 0.870929, 0.000000) (-0.964305, 0.870929, -0.839841) (0.000000, 0.000000) 
(-0.993048, 0.729153, 0.000000) (-0.993048, 0.729153, -0.724084) (0.000000, 0.000000) 
(-0.999488, 0.545590, 0.000000) (-0.999488, 0.545590, -0.545311) (0.000000, 0.000000) 
(-0.983481, 0.330740, 0.000000) (-0.983481, 0.330740, -0.325277) (0.000000, 0.000000) 
(-0.945387, 0.096930, 0.000000) (-0.945387, 0.096930, -0.091636) (0.000000, 0.000000) 
(-0.886061, -0.142437, 0.000000) (-0.886061, -0.142437, 0.126208) (0.000000, 0.000000) 
(-0.806835, -0.373639, 0.000000) (-0.806835, -0.373639, 0.301465) (0.000000, 0.000000) 
(-0.709490, -0.583408, 0.000000) (-0.709490, -0.583408, 0.413922) (0.000000, 0.000000) 
(-0.596211, -0.759747, 0.000000) (-0.596211, -0.759747, 0.452969) (0.000000, 0.000000) 
(-0.469541, -0.892532, 0.000000) (-0.469541, -0.892532, 0.419081) (0.000000, 0.000000) 
(-0.332327, -0.974152, 0.000000) (-0.332327, -0.974152, 0.323737) (0.000000, 0.000000) 
(-0.187649, -0.999926, 0.000000) (-0.187649, -0.999926, 0.187635) (0.000000, 0.000000) 
(-0.038757, -0.968382, 0.000000) (-0.038757, -0.968382, 0.037531) (0.000000, 0.000000) 
(0.111006, -0.881324, 0.000000) (0.111006, -0.881324, -0.097832) (0.000000, 0.000000) 
(0.258275, -0.743742, 0.000000) (0.258275, -0.743742, -0.192090) (0.000000, 0.000000) 
(0.399744, -0.563524, 0.000000) (0.399744, -0.563524, -0.225265) (0.000000, 0.000000) 
(0.532236, -0.351001, 0.000000) (0.532236, -0.351001, -0.186815) (0.000000, 0.000000) 
(0.652774, -0.118371, 0.000000) (0.652774, -0.118371, -0.077270) (0.000000, 0.000000) 
(0.758653, 0.121058, 0.000000) (0.758653, 0.121058, 0.091841) (0.000000, 0.000000) 
(0.847493, 0.353548, 0.000000) (0.847493, 0.353548, 0.299630) (0.000000, 0.000000) 
(0.917300, 0.565770, 0.000000) (0.917300, 0.565770, 0.518981) (0.000000, 0.000000) 
(0.966506, 0.745559, 0.000000) (0.966506, 0.745559, 0.720587) (0.000000, 0.000000) 
(0.994006, 0.882599, 0.000000) (0.994006, 0.882599, 0.877309) (0.000000, 0.000000) 
(0.999182, 0.969054, 0.000000) (0.999182, 0.969054, 0.968261) (0.000000, 0.000000) 
(0.981918, 0.999956, 0.000000) (0.981918, 0.999956, 0.981875) (0.000000, 0.000000) 
(0.942602, 0.973533, 0.000000) (0.942602, 0.973533, 0.917655) (0.000000, 0.000000) 
(0.882117, 0.891302, 0.000000) (0.882117, 0.891302, 0.786232) (0.000000, 0.000000) 
(0.801821, 0.757985, 0.000000) (0.801821, 0.757985, 0.607768) (0.000000, 0.000000) 
(0.703517, 0.581208, 0.000000) (0.703517, 0.581208, 0.408890) (0.000000, 0.000000) 
(0.589414, 0.371112, 0.000000) (0.589414, 0.371112, 0.218739) (0.000000, 0.000000) 
